   2.9082940639526265      -0.90000000000000002     
   2.8124533102033942      -0.80000000000000004     
   2.7137711704004985      -0.70000000000000007     
   2.6139197130429412      -0.60000000000000009     
   2.5152279883777284      -0.50000000000000011     
   2.4206795720844800      -0.40000000000000013     
   2.3337589298145649      -0.30000000000000016     
   2.2580964831015593      -0.20000000000000015     
   2.1969221818810931      -0.10000000000000014     
   2.1524365320858516       -1.3877787807814457E-016
   2.1252964770005445        9.9999999999999867E-002
   2.1144165093466629       0.19999999999999987     
   2.1171708995166769       0.29999999999999988     
   2.1299124613088889       0.39999999999999991     
   2.1486089486354771       0.49999999999999989     
   2.1694014842224858       0.59999999999999987     
   2.1889783603483020       0.69999999999999984     
   2.2047573048707472       0.79999999999999982     
   2.2149298425988100       0.89999999999999980     
   2.2184365983395775       0.99999999999999978     
   2.2149298425988100        1.0999999999999999     
   2.2047573048707472        1.2000000000000000     
   2.1889783603483020        1.3000000000000000     
   2.1694014842224858        1.4000000000000001     
   2.1486089486354771        1.5000000000000002     
   2.1299124613088889        1.6000000000000003     
   2.1171708995166769        1.7000000000000004     
   2.1144165093466629        1.8000000000000005     
   2.1252964770005445        1.9000000000000006     
   2.1524365320858516        2.0000000000000004     
   2.1969221818810936        2.1000000000000005     
   2.2580964831015593        2.2000000000000006     
   2.3337589298145653        2.3000000000000007     
   2.4206795720844800        2.4000000000000008     
   2.5152279883777293        2.5000000000000009     
   2.6139197130429421        2.6000000000000010     
   2.7137711704004994        2.7000000000000011     
   2.8124533102033955        2.8000000000000012     
   2.9082940639526274        2.9000000000000012     
   3.0001946286789978        3.0000000000000013     
