   19.080136468420179        6.0000998658892968E-002
   57.774837930485994       0.12000099731778846     
   129.02249854937585       0.18000099597668395     
   246.99502619204060       0.24000099463557945     
   429.57483013419335       0.30000099329447494     
   698.64166922322602       0.36000099195337043     
   1080.3707479035315       0.42000099061226592     
   1605.4742399926085       0.48000098927116142     
   2309.3578758699477       0.54000098793005691     
   3232.1721369017255       0.60000098658895240     
   4418.7407279218924       0.66000098524784789     
   5918.3515654003231       0.72000098390674339     
   7784.3984052808992       0.78000098256563888     
   10073.864638205618       0.84000098122453437     
   12846.644711459636       0.90000097988342986     
   16164.703035773695       0.96000097854232536     
   20091.075002657188        1.0200009772012208     
   24688.719750530719        1.0800009758601163     
   30019.239433510935        1.1400009745190118     
   36141.484810222988        1.2000009731779073     
   43110.071818695389        1.2600009718368028     
   50973.838272122368        1.3200009704956983     
   59774.273737208634        1.3800009691545938     
   69543.958888974259        1.4400009678134893     
   80305.053034737328        1.5000009664723848     
   92067.869946590872        1.5600009651312803     
   104829.58254152146        1.6200009637901758     
   118573.09623533592        1.6800009624490713     
   133266.12893648690        1.7400009611079668     
   148860.53263851488        1.8000009597668623     
   165291.88745029352        1.8600009584257577     
   182479.39374217865        1.9200009570846532     
   200326.08198854461        1.9800009557435487     
   218719.35299027662        2.0400009544024442     
   237531.85363068982        2.1000009530613397     
   256622.68534570106        2.1600009517202352     
   275838.93428376806        2.2200009503791307     
   295017.50391624088        2.2800009490380262     
   313987.22286407568        2.3400009476969217     
   332571.19316175394        2.4000009463558172     
   350589.33730573603        2.4600009450147127     
   367861.09644045890        2.5200009436736082     
   384208.22710631596        2.5800009423325037     
   399457.64027061476        2.6400009409913991     
   413444.22401108948        2.7000009396502946     
   426013.59031214350        2.7600009383091901     
   437024.68701644707        2.8200009369680856     
   446352.21805641387        2.8800009356269811     
   453888.81863605307        2.9400009342858766     
   459546.93696598226        3.0000009329447721     
   463260.38035477372        3.0600009316036676     
   464985.49077283865        3.1200009302625631     
   464701.92324242991        3.1800009289214586     
   462413.00935337221        3.2400009275803541     
   458145.69762205641        3.3000009262392496     
   451950.07205025328        3.3600009248981451     
   443898.45984300692        3.4200009235570406     
   434084.14855493844        3.4800009222159360     
   422619.74170411524        3.5400009208748315     
   409635.18989068718        3.6000009195337270     
   395275.54147513257        3.6600009181926225     
   379698.46272858046        3.7200009168515180     
   363071.58191984886        3.7800009155104135     
   345569.71494337881        3.8400009141693090     
   327372.03175308538        3.9000009128282045     
   308659.22302587586        3.9600009114871000     
   289610.72515465983        4.0200009101459955     
   270402.05892528116        4.0800009088048910     
   251202.33316542732        4.1400009074637865     
   232171.95940236893        4.2000009061226820     
   213460.61729747013        4.2600009047815774     
   195205.50353123029        4.3200009034404729     
   177529.88910459183        4.3800009020993684     
   160542.00192388069        4.4400009007582639     
   144334.24327642462        4.5000008994171594     
   128982.73860756656        4.5600008980760549     
   114547.21509372210        4.6200008967349504     
   101071.19106988906        4.6800008953938459     
   88582.455589762452        4.7400008940527414     
   77093.810418719848        4.8000008927116369     
   66604.041694779953        4.8600008913705324     
   57099.084408103168        4.9200008900294279     
   48553.339763665033        4.9800008886883234     
   40931.103362490685        5.0400008873472188     
   34188.060847444285        5.1000008860061143     
   28272.806993192909        5.1600008846650098     
   23128.343815843687        5.2200008833239053     
   18693.512551421332        5.2800008819828008     
   14904.312347279416        5.3400008806416963     
   11695.053615631681        5.4000008793005918     
   8999.2833960935932        5.4600008779594873     
   6750.3986295989362        5.5200008766183828     
   4881.8211926769936        5.5800008752772783     
   3326.5264606209130        5.6400008739361738     
   2015.5545865192214        5.7000008725950693     
   874.80172859806316        5.7600008712539648     
  -181.31995978399482        5.8200008699128603     
  -1262.3671127831219        5.8800008685717557     
  -2527.4113783843586        5.9400008672306512     
  -4241.0163021114458        6.0000008658895467     
  -6908.7143276979186        6.0600008645484422     
  -11655.208413266264        6.1200008632073377     
  -21540.837760719674        6.1800008618662332     
  -48449.113006764659        6.2400008605251287     
  -262419.09090578731        6.3000008591840242     
