   19.052384098339516        6.0000998658892968E-002
   57.528751732700321       0.12000099731778846     
   127.85412141090839       0.18000099597668395     
   243.24833857257175       0.24000099463557945     
   419.94872053384688       0.30000099329447494     
   677.21785462735045       0.36000099195337043     
   1037.3058726055240       0.42000099061226592     
   1525.3015179448957       0.48000098927116142     
   2168.8481993311843       0.54000098793005691     
   2997.7123769415689       0.60000098658895240     
   4043.1983053682493       0.66000098524784789     
   5337.4093611736616       0.72000098390674339     
   6912.3626124247230       0.78000098256563888     
   8798.9699561998568       0.84000098122453437     
   11025.905880749200       0.90000097988342986     
   13618.388455262628       0.96000097854232536     
   16596.906238024294        1.0200009772012208     
   19975.929142807545        1.0800009758601163     
   23762.645642726169        1.1400009745190118     
   27955.771772392429        1.2000009731779073     
   32544.479000510801        1.2600009718368028     
   37507.488019894510        1.3200009704956983     
   42812.373730397732        1.3800009691545938     
   48415.123126160659        1.4400009678134893     
   54259.982464458968        1.5000009664723848     
   60279.623083225888        1.5600009651312803     
   66395.646712730333        1.6200009637901758     
   72519.441326150001        1.6800009624490713     
   78553.387787159751        1.7400009611079668     
   84392.406125403591        1.8000009597668623     
   89925.818588418944        1.8600009584257577     
   95039.495093491991        1.9200009570846532     
   99618.235758739524        1.9800009557435487     
   103548.33524836984        2.0400009544024442     
   106720.26512022581        2.1000009530613397     
   109031.40357455975        2.1600009517202352     
   110388.73727915219        2.2200009503791307     
   110711.45752894667        2.2800009490380262     
   109933.37305269475        2.3400009476969217     
   108005.06438343774        2.4000009463558172     
   104895.70985191090        2.4600009450147127     
   100594.52083747706        2.5200009436736082     
   95111.733724578429        2.5800009423325037     
   88479.117783235895        2.6400009409913991     
   80749.971562689869        2.7000009396502946     
   71998.594936293419        2.7600009383091901     
   62319.239191912566        2.8200009369680856     
   51824.553021109503        2.8800009356269811     
   40643.557403424369        2.9400009342858766     
   28919.196694759768        3.0000009329447721     
   16805.526220447566        3.0600009316036676     
   4464.6078952711596        3.1200009302625631     
  -7936.8055453341003        3.1800009289214586     
  -20230.710532669058        3.2400009275803541     
  -32251.325820956161        3.3000009262392496     
  -43838.506725476640        3.3600009248981451     
  -54841.010197664451        3.4200009235570406     
  -65119.525148274879        3.4800009222159360     
  -74549.389736906727        3.5400009208748315     
  -83022.927048801255        3.6000009195337270     
  -90451.342339782917        3.6600009181926225     
  -96766.138439478833        3.7200009168515180     
  -101920.02049923337        3.7800009155104135     
  -105887.27655514386        3.8400009141693090     
  -108663.63583081333        3.9000009128282045     
  -110265.62181208040        3.9600009114871000     
  -110729.43139032870        4.0200009101459955     
  -110109.38433300793        4.0800009088048910     
  -108475.99859483179        4.1400009074637865     
  -105913.75619396829        4.2000009061226820     
  -102518.63128686178        4.2600009047815774     
  -98395.456512766061        4.3200009034404729     
  -93655.205565878336        4.3800009020993684     
  -88412.269302854766        4.4400009007582639     
  -82781.799609874026        4.5000008994171594     
  -76877.189923279337        4.5600008980760549     
  -70807.753982498616        4.6200008967349504     
  -64676.655417212300        4.6800008953938459     
  -58579.130504890461        4.7400008940527414     
  -52601.035285125501        4.8000008927116369     
  -46817.736605574239        4.8600008913705324     
  -41293.355022881748        4.9200008900294279     
  -36080.356196943671        4.9800008886883234     
  -31219.476873844473        5.0400008873472188     
  -26739.962083526440        5.1000008860061143     
  -22660.082059660697        5.1600008846650098     
  -18987.890835108698        5.2200008833239053     
  -15722.183621873557        5.2800008819828008     
  -12853.607023341758        5.3400008806416963     
  -10365.874851786553        5.4000008793005918     
  -8237.0427707312774        5.4600008779594873     
  -6440.7970231713361        5.5200008766183828     
  -4947.7159623580474        5.5800008752772783     
  -3726.4677474920845        5.6400008739361738     
  -2744.9131451874441        5.7000008725950693     
  -1971.0886110264587        5.7600008712539648     
  -1374.0514269008813        5.8200008699128603     
  -924.57535332661132        5.8800008685717557     
  -595.69174291518470        5.9400008672306512     
  -363.07707190709914        6.0000008658895467     
  -205.29303563270804        6.0600008645484422     
  -103.88896530667323        6.1200008632073377     
  -43.374958263530075        6.1800008618662332     
  -11.038556232661882        6.2400008605251287     
   4.6258536758099424        6.3000008591840242     
