  0.61864505418424098                1
   1.2693956035779252                2
   1.9499746878370674                3
   2.6569041055613454                4
   3.3864846464123435                5
   4.1348140443382659                6
   4.8978086410234445                7
   5.6712269450222985                8
   6.4506945645387823                9
   7.2317302399452057               10
   8.0097727673503680               11
   8.7802086238211121               12
   9.5384001102302634               13
   10.279713828592440               14
   10.999549310440198               15
   11.693367612575653               16
   12.356719696962214               17
   12.985274412851922               18
   13.574845901594980               19
   14.121420248001122               20
   14.621181206632132               21
   15.070534836993273               22
   15.466132888235446               23
   15.804894781644615               24
   16.084028047836455               25
   16.301047085140016               26
   16.453790116085532               27
   16.540434230142754               28
   16.559508412816736               29
   16.509904473821475               30
   16.390885800238205               31
   16.202093874240028               32
   15.943552509040375               33
   15.615669771109566               34
   15.219237571308884               35
   14.755428922321638               36
   14.225792874520835               37
   13.632247157108550               38
   12.977068565898339               39
   12.262881153395647               40
   11.492642290770101               41
   10.669626684818258               42
   9.7974084459987303               43
   8.8798413160001530               44
   7.9210371749963189               45
   6.9253429596767910               46
   5.8973161332448232               47
   4.8416988577824798               48
   3.7633910276359863               49
   2.6674223297194208               50
   1.5589235028251318               51
  0.44309697312476737               52
 -0.67481295298729105               53
  -1.7895501547416730               54
  -2.8958768359233380               55
  -3.9886035508118178               56
  -5.0626189317858312               57
  -6.1129189351504536               58
  -7.1346354248181676               59
  -8.1230639176970705               60
  -9.0736903199831698               61
  -9.9822164899848786               62
  -10.844584470585261               63
  -11.656999242923504               64
  -12.415949862297143               65
  -13.118228847590592               66
  -13.760949706657756               67
  -14.341562491955917               68
  -14.857867293269235               69
  -15.308025587493457               70
  -15.690569379095718               71
  -16.004408078928634               72
  -16.248833083478182               73
  -16.423520031270613               74
  -16.528528727964595               75
  -16.564300746521209               76
  -16.531654723687822               77
  -16.431779388766056               78
  -16.266224375177512               79
  -16.036888879616985               80
  -15.746008247524257               81
  -15.396138577155247               82
  -14.990139447651309               83
  -14.531154889173617               84
  -14.022592725402573               85
  -13.468102430562109               86
  -12.871551654749505               87
  -12.237001582977372               88
  -11.568681305386443               89
  -10.870961389273578               90
  -10.148326859092073               91
  -9.4053498104572935               92
  -8.6466619119887351               93
  -7.8769270909512530               94
  -7.1008147671254127               95
  -6.3229741176566510               96
  -5.5480100724761012               97
  -4.7804621628261250               98
  -4.0247882321140889               99
  -3.2853570512148917              100
  -2.5664591192582646              101
  -1.8723608075733371              102
  -1.2074884789180120              103
 -0.57719827823615233              104
   9.9999950375151414E-004         105
   1.2693956035779252              106
   1.9499746878370674              107
   2.6569041055613454              108
   3.3864846464123435              109
   4.1348140443382659              110
   4.8978086410234445              111
   5.6712269450222985              112
   6.4506945645387823              113
   7.2317302399452057              114
   8.0097727673503680              115
   8.7802086238211121              116
   9.5384001102302634              117
   10.279713828592440              118
   10.999549310440198              119
   11.693367612575653              120
   12.356719696962214              121
   12.985274412851922              122
   13.574845901594980              123
   14.121420248001122              124
   14.621181206632132              125
   15.070534836993273              126
   15.466132888235446              127
   15.804894781644615              128
   16.084028047836455              129
   16.301047085140016              130
   16.453790116085532              131
   16.540434230142754              132
   16.559508412816736              133
   16.509904473821475              134
   16.390885800238205              135
   16.202093874240028              136
   15.943552509040375              137
   15.615669771109566              138
   15.219237571308884              139
   14.755428922321638              140
   14.225792874520835              141
   13.632247157108550              142
   12.977068565898339              143
   12.262881153395647              144
   11.492642290770101              145
   10.669626684818258              146
   9.7974084459987303              147
   8.8798413160001530              148
   7.9210371749963189              149
   6.9253429596767910              150
   5.8973161332448232              151
   4.8416988577824798              152
   3.7633910276359863              153
   2.6674223297194208              154
   1.5589235028251318              155
  0.44309697312476737              156
 -0.67481295298729105              157
  -1.7895501547416730              158
  -2.8958768359233380              159
  -3.9886035508118178              160
  -5.0626189317858312              161
  -6.1129189351504536              162
  -7.1346354248181676              163
  -8.1230639176970705              164
  -9.0736903199831698              165
  -9.9822164899848786              166
  -10.844584470585261              167
  -11.656999242923504              168
  -12.415949862297143              169
  -13.118228847590592              170
  -13.760949706657756              171
  -14.341562491955917              172
  -14.857867293269235              173
  -15.308025587493457              174
  -15.690569379095718              175
  -16.004408078928634              176
  -16.248833083478182              177
  -16.423520031270613              178
  -16.528528727964595              179
  -16.564300746521209              180
  -16.531654723687822              181
  -16.431779388766056              182
  -16.266224375177512              183
  -16.036888879616985              184
  -15.746008247524257              185
  -15.396138577155247              186
  -14.990139447651309              187
  -14.531154889173617              188
  -14.022592725402573              189
  -13.468102430562109              190
  -12.871551654749505              191
  -12.237001582977372              192
  -11.568681305386443              193
  -10.870961389273578              194
  -10.148326859092073              195
  -9.4053498104572935              196
  -8.6466619119887351              197
  -7.8769270909512530              198
  -7.1008147671254127              199
  -6.3229741176566510              200
  -5.5480100724761012              201
  -4.7804621628261250              202
  -4.0247882321140889              203
  -3.2853570512148917              204
  -2.5664591192582646              205
  -1.8723608075733371              206
  -1.2074884789180120              207
 -0.57719827823615233              208
   9.9999950375151414E-004         209
   1.2693956035779252              210
   1.9499746878370674              211
   2.6569041055613454              212
